25.3	42.50%	34	-34.13%	0.478	187,713
31.8	38.90%	81	-1.70%	0.492	1,690,329
36.4	41.10%	60	-21.87%	0.47	160,303
23.6	58.50%	40	-22.00%	0.498	118,292
37.6	27.30%	36	-33.58%	0.479	159,566
34.2	30.00%	78	-20.84%	0.489	2,801,517
34.1	30.90%	60	-25.34%	0.476	1,405,717
36.7	28.30%	64	-11.78%	0.474	1,123,195
35.5	34.50%	73	-24.18%	0.474	962,288
33.8	34.80%	77	0.00%	0.487	1,906,576
26.8	49.30%	55	-15.67%	0.473	117,819
35.7	28.20%	72	0.14%	0.504	1,357,489
32.7	33.60%	39	-34.60%	0.49	665,996
32.5	32.30%	40	-38.35%	0.459	925,494
33.8	33.60%	44	-23.00%	0.474	256,584
30.9	39.80%	48	-28.81%	0.458	319,878
33.8	30.50%	56	-20.00%	0.482	335,833
28.3	46.10%	58	-12.00%	0.562	196,077
37	24.20%	23	-11.04%	0.422	24,772
34.1	29.30%	78	-37.00%	0.474	2,193,102
34.7	29.40%	69	-43.00%	0.465	1,308,812
32.9	34.60%	52	-38.00%	0.508	538,614
22.9	54.90%	46	-42.00%	0.482	69,852
34.1	26.30%	29	-41.00%	0.468	800,557
33.8	34.20%	48	-30.00%	0.484	957,443
35.7	24.30%	39	-42.00%	0.458	211,147
36	25.20%	42	-40.00%	0.472	574,218
